8.19
9.98
14.17
6.65
18.06
14.47
9.08
6.67
9.37
15.41
17.19
14.05
7.16
14.38
19.31
9.35
15.60
18.55
18.44
17.22
17.30
17.07
5.57
4.37
15.16
4.64
10.59
13.92
13.51
6.31
17.30
7.02
6.88
15.73
6.91
16.55
14.98
13.25
7.86
10.01
13.96
7.39
5.55
12.81
19.13
19.02
17.84
9.50
6.32
9.33
19.05
13.28
19.40
5.67
6.65
17.09
11.93
18.31
19.64
19.37
11.38
7.04
18.02
17.89
14.76
11.05
5.27
14.41
4.33
11.09
16.78
15.71
15.24
9.12
4.88
13.41
14.90
19.76
18.04
7.85
13.16
12.62
10.27
16.49
6.53
14.57
4.97
11.60
9.28
9.10
17.12
19.77
17.80
18.41
16.58
8.59
7.50
14.41
10.98
16.49
7.80
4.53
10.71
17.98
5.36
17.45
5.11
8.44
14.18
18.09
17.10
8.10
10.80
5.01
11.47
15.32
12.28
9.15
18.55
15.21
8.48
10.32
17.14
6.31
6.99
14.37
10.65
7.00
10.55
9.90
17.17
11.07
9.88
14.12
18.59
8.10
8.86
8.16
15.64
14.35
14.50
15.68
5.86
18.85
15.20
16.11
17.20
16.01
5.88
15.21
11.39
4.12
13.82
16.31
11.72
11.79
14.59
16.93
13.53
15.63
12.32
9.76
16.36
12.92
5.64
18.80
10.83
11.78
17.07
10.82
18.81
19.71
18.47
9.55
14.03
13.55
6.32
17.02
17.41
17.61
16.78
4.74
12.59
19.33
17.30
8.06
11.10
13.36
7.18
17.03
9.86
18.80
5.77
13.64
5.01
18.78
18.34
6.80
16.80
16.40
